66.25587
59.76198
30.54347
67.30116
62.89983
34.40727
117.0387
86.49719
44.94149
253.6185
197.6866
116.0727
252.3868
198.841
119.8612
736.4489
405.243
216.24
924.3253
564.3273
344.4714
2928.524
1653.146
1121.712
532.5818
327.5504
172.4112
771.7884
512.0608
303.3977
914.7332
562.6017
354.724
4848.946
2465.762
1713.663
59.92264
39.13388
31.90612
57.81421
32.38413
28.04628
326.0152
163.4182
157.7296
308.0013
159.4949
147.0823
85.75537
49.63636
23.64496
155.7779
86.67769
69.04661
202.8694
100.5898
93.13587
5863.866
2976.28
2277.253
269.0817
264.2202
195.8777
5983.464
2953.267
2337.965
7528.637
3550.971
3030.121
294
122.3286
32.37818
10139.69
4211.96
3692.059
10883.5
4283.716
3737.08
11835.01
4703.336
4067.875
14853.36
6148.655
4557.475
8.680
8.523
6.996
