1
Watauga Reservoir
9310493 508313		
1975  1710
677.0  323.0  536.404
-0.0006  0.7238  1756.2
99.668  0.6581
1      1
2   
2   1
1	199.5  5200
4   1
3   2
1   1
169.0  20  0.4  0.1  482.498  0.1
530.9466188225807	524.6264460000001	523.6867091379308
422.76817974193557	427.86193103225816	436.12389098275855
0.00088 0.00088 0.00126
0.1 0.1 
2
Wilbur Reservoir
9393231  560587		
1656    1626
0.715 0.2 0.374876
-12.993  33.126  1633.8
99.344  0.6526
1   1
2
2   3
1	106  14820
3   4
4   2
1   2
3   1
4   1
56.5  20  0.4  0.1  0.395  0.1
0.6132587419354839	0.6044631774193547	0.6086442413793105
0.3299136290322582	0.31852737096774186	0.3265112068965516
0.00088 0.00088 0.00126
0.1  0.1
3
SHolston Reservoir
9393231  560587		
1729    1485
764.0   326.0   540.6664
-0.0005  0.599  1535.3
148.38  0.5967
1   1
2
2   1
1	106  14820
3   4
4   3
1   3
56.5  20  0.4  0.1  522.943  0.1
522.7523510806452	513.3955016129033	543.3142721896554
426.2662557096775	438.3851043387097	461.9799202758621
0.00088 0.00088 0.00126
0.1  0.1
4
Boone Reservoir
9411109		508724		
1385    1260
193.5  45.0  122.398
-0.0036  1.2143  1277.3
178.29  0.5857
1    1
2
2   5
1	142.5   5200
3   5
4   4
1   4
3   2
4   2
3   3
4   3
94.12  20  0.0  0.0  118.393  0.1
119.18293766129031	115.6015756935484	119.80844953448275
92.22005467741936	90.71758035483873	97.92512141379312
0.00088 0.00088 0.00126
0.1  0.1
5
FtPatrick Reservoir
9310493 508313		
1263     1173
26.9  22.7  25.16826
-0.0958  5.2268  1194.8
100.01  0.7017
1      1
2   
2   3
1	199.5  5200
3   6
4   5
1   5
3   4
4   4
169.0  20  0.4  0.1  25.206  0.1
25.870473870967743	25.88841682258065	25.81476237931035
23.82731220967742	23.924703096774195	23.176927913793108
0.00088 0.00088 0.00126
0.1 0.1 
6
Cherokee Reservoir
9310493 508313		
1073   910
1541.0  393.0  1010.362
-0.00009  0.2202  943.08
299.69  0.6122
1      1
2   
2   3
1	199.5  5200
4   6
3   8
1   6
3   5
4   5
169.0  20  0.4  0.1  671.791  0.1
825.3854013387096	800.6031147096776	826.9511728448274
508.63591780645163	510.48058756451616	583.3238614137931
0.00088 0.00088 0.00126
0.1 0.1 
7
Douglas Reservoir
9310493 508313		
1002    880
1461.0  210.0  668.0569
-0.00005 0.1428  899.79
443.29  0.5811
1      1
2   
2   1
1	199.5  5200
4   7
3   8
1   7
169.0  20  0.4  0.1  312.497  0.1
501.25765456451603	429.02467267741946	472.7707566724138
246.33737540322582	229.31715846774196	269.9569016379311
0.00088 0.00088 0.00126
0.1 0.1 
8
FortLoudoun Reservoir
9310493 508313		
820    730
393.0  282.0  334.2922
-0.0004  0.3276  750.63
218.87  0.7084
1      1
2   
2   5
1	199.5  5200
4   8
5   1
1   8
4   6
3   6
4   7
3   7
169.0  20  0.4  0.1  297.327  0.1
324.4432036935484	322.6229696129033	323.5663835172414
296.77987393548386	296.6859053225806	286.7632711034483
0.00088 0.00088 0.00126
0.1 0.1 
9
Fontana Reservoir
9310493 508313		
1710   1300
1443.0  497.0  1079.792
-0.0002  0.5804  1352.4
70.364  0.6797
1      1
2   
2   1
1	199.5  5200
4   9
5   1
1   9
169.0  20  0.4  0.1  886.266  0.1
1009.1118545806451	962.2976383548387	956.5981401206895
649.6386680322581	749.9774125645164	797.5092983275862
0.00088 0.00088 0.00126
0.1 0.1 
10
Norris Reservoir
9310493 508313		
1034   818
2552.0  630.0  1658.497
-0.00004  0.1746  858.33
167.9  0.692
1      1
2   
2   1
1	199.5  5200
4   10
3   11
1   10
169.0  20  0.4  0.1  1314.531  0.1
1533.6324019838714	1494.803342951613	1539.8017565172413
957.3564181451613	1014.5340802258063	1118.8735603448274
0.00088 0.00088 0.00126
0.1 0.1 
11
MeltonH Reservoir
9310493 508313		
796  726
126.0  94.0  115.2932
-0.0036   0.9116    740.2
227.92  0.6602
1      1
2   
2   3
1	199.5  5200
4   11
5   1
1   11
4   10
3   10
169.0  20  0.4  0.1  113.543  0.1
115.71515041935484	115.12178564516128	115.85783487931033
107.73418311290322	107.20126785483873	102.69143286206898
0.00088 0.00088 0.00126
0.1 0.1 
12
WattsBar Reservoir
9310493 508313		
745   640
1175.0  796.0  979.2754
-0.00008  0.1555  669.99
186.21  0.7819
1      1
2   
2   2
1	199.5  5200
4   12
5   2
1   12
5   1
169.0  20  0.4  0.1  834.08  0.1
935.6037397258065	927.8139719999998	917.6615932241382
829.2524432419357	827.947053532258	799.141068
0.00088 0.00088 0.00126
0.1 0.1 
13
Chatuge Reservoir
9310493 508313		
1933   1804
240.5  118.0  190.4846
-0.0018  0.8213  1836.9
133.27  0.7129
1      1
2   
2   1
1	199.5  5200
4   13
3   15
1   13
169.0  20  0.4  0.1  164.149  0.1
185.20014208064515	180.51975033870966	180.32400243103456
147.97657741935484	146.40981551612904	148.79946506896553
0.00088 0.00088 0.00126
0.1 0.1 
14
Nottely Reservoir
9310493 508313		
1760   1612
174.3  57.2  125.7342
-0.0029  1.092   1678.9
90.978   0.7241
1      1
2   
2   1
1	199.5  5200
4   14
3   15
1   14
169.0  20  0.4  0.1  92.654  0.1
117.09304756451614	114.32458766129032	114.0640404310345
71.87380301612902	72.42555677419355	80.54286139655173
0.00088 0.00088 0.00126
0.1 0.1 
15
Hiwassee Reservoir
9310493 508313		
1520     1270
434.0  128.0  279.0526
-0.0008  0.7044  1368.9
37.906  0.8414
1      1
2   
2   5
1	199.5  5200
4   15
3   16
1   15
3   13
4   13
3   14
4   14
169.0  20  0.4  0.1  213.599  0.1
262.89830395161295	241.12940970967753	239.13903025862075
163.73736546774194	162.9696885967742	178.9175767758621
0.00088 0.00088 0.00126
0.1 0.1 
16
Apalachia Reservoir
9310493 508313		
1290   1170
57.8  49.0  55.71174
-0.0185  2.7513  1185
129.87  0.5196
1      1
2   
2   3
1	199.5  5200
4   16
5   2
1   16
3   15
4   15
169.0  20  0.4  0.1  54.832  0.1
56.08627645161292	55.989333338709685	55.896940758620694
53.77848024193549	53.54016841935484	51.59913015517242
0.00088 0.00088 0.00126
0.1 0.1 
17
BlueRidge Reservoir
9310493 508313		
1675    1590
195.9  12.0  156.0833
-0.0015  0.7838  1592.9
113.69  0.6438
1      1
2   
2   1
1	199.5  5200
4   17
3   18
1   17
169.0  20  0.4  0.1  110.459  0.1
140.55308898387096	138.28169041935482	141.43620998275864
61.2379185483871	79.37689930645162	93.4469945689655
0.00088 0.00088 0.00126
0.1 0.1 
18
Ocoee3 Reservoir
9310493 508313		
1440   1383
4.18  2.07  3.381818
-1.5475  16.324  1400.1
79.799  1.1623
1      1
2   
2   3
1	199.5  5200
4   18
3   19
1   18
3   17
4   17
169.0  20  0.4  0.1  3.875  0.1
3.6211499032258065	3.696280016129033	3.6125473448275858
2.566002000000001	2.5592534032258074	2.5454198275862066
0.00088 0.00088 0.00126
0.1 0.1 
19
Ocoee1 Reservoir
9310493 508313		
830  730
85.2  53.5  68.91769
-0.0109  1.9974  744.85
198.18  0.4687
1      1
2   
2   3
1	199.5  5200
4   19
5   2
1   19
3   18
4   18
169.0  20  0.4  0.1  66.006  0.1
71.99048017741937	71.49261924193551	71.70049344827586
66.52366901612903	64.98031930645162	62.72827318965516
0.00088 0.00088 0.00126
0.1 0.1 
20
Chickamauga Reservoir
9310493 508313		
690    617
739.0  392.0  534.2003
-0.00006  0.1027  644.26
346.4  0.7167
1      1
2   
2   2
1	199.5  5200
4   20
5   3
1   20
5   2
169.0  20  0.4  0.1  443.25  0.1
515.5912263387097	506.16976945161304	500.50502886206897
425.7452064677419	425.22582038709686	410.93715837931035
0.00088 0.00088 0.00126
0.1 0.1 
21
RacoonMt Reservoir
9310493 508313		
1672    1530
37.3  2.2  10.21091
-0.0997  7.5714  1521.3
0.0  0.0
1      1
2   
2   2
1	199.5  5200
4   21
5   3
1   21
4   29
169.0  20  0.4  0.1  30.709  0.1
29.803504896774193	32.00011877419355	31.472781062068968
14.083112477419357	16.59512570322581	17.13433715172414
0.00442 0.00682 0.0078
0.1 0.1 
22
Nikajack Reservoir
9310493 508313		
635  245.2145
310.5  234.1666  240.0932
-0.0012  0.5798  567.43
93.924  0.8693
1      1
2   
2   2
1	199.5  5200
4   22
5   4
1   22
5   3
169.0  20  0.4  0.1  242.446  0.1
251.93580019354846	250.7556273387097	256.8858887586207
235.596264	235.46417061290325	227.53793322413802
0.00442 0.00682 0.0078
0.1 0.1 
23
Guntersville Reservoir
9310493 508313		
600   1025.421
1052.0  879.7  940.7861
-0.00004  0.0833  552.05
246.66  0.8175
1      1
2   
2   2
1	199.5  5200
4   23
3   25
1   23
5   4
169.0  20  0.4  0.1  927.774  0.1
1047.9768315	1047.4166340000002	1055.4601606551726
924.3802475806451	933.1022491935483	894.956277413793
0.00442 0.00682 0.0078
0.1 0.1 
24
TimsFord Reservoir
9310493 508313		
920  500.6598
608.0  325.4  446.5547
-0.0002  0.2757  787.89
140.44  0.6994
1      1
2   
2   1
1	199.5  5200
4   24
3   25
1   24
169.0  20  0.4  0.1  423.624  0.1
464.7931311290323	434.9941423548388	457.16564074137926
369.7862258225808	376.40049033870974	385.50494405172407
0.00442 0.00682 0.0078
0.1 0.1 
25
Wheeler Reservoir
9310493 508313		
560   1094.267
1071.0  720.0  777.4731
-0.00004  0.0886  509.44
949.15  0.5883
1      1
2   
2   5
1	199.5  5200
4   25
3   26
1   25
3   23
4   23
3   24
4   24
169.0  20  0.4  0.1  779.121  0.1
1010.9034311129034	1002.2292134032258	1017.8585146551721
780.4360686774195	787.8511133709678	762.2496095172413
0.00442 0.00682 0.0078
0.1 0.1 
26
Wilson Reservoir
9310493 508313		
510   612.9362
640.2  608.2532  597.1636
-0.0002  0.2404  427.66
271.9  0.6464
1      1
2   
2   3
1	199.5  5200
4   26
3   27
1   26
3   25
4   25
169.0  20  0.4  0.1  605.902  0.1
622.8605238870966	614.8149811451615	613.6479657931037
602.6860256129033	599.3695860483871	578.5966287413794
0.00442 0.00682 0.0078
0.1 0.1 
27
Pickwick Reservoir
9310493 508313		
518   1055.147
1105.0  688.0  886.197
-0.00007  0.1236  360.69
449.05  0.6553
1      1
2   
2   3
1	199.5  5200
4   27
3   28
1   27
3   26
4   26
169.0  20  0.4  0.1  791.134  0.1
864.6008575161289	838.4362279838712	853.5839227241379
732.2906517580644	731.0526520645161	708.3615845172416
0.00442 0.00682 0.0078
0.1 0.1 
28
Kentucky Reservoir
9310493 508313		
380   2717.421
6129.0  2121.0  2323.501
-0.000002  0.0241  309.02
353.88  0.762
1      1
2   
2   3
1	199.5  5200
4   28
5   5
1   28
3   27
4   27
169.0  20  0.4  0.1  2197.065  0.1
2697.9818763387093	2660.6841730645165	2924.4849791379315
2201.7617454193546	2230.426106370968	2143.1698161206896
0.00442 0.00682 0.0078
0.1 0.1 
