Apalachia Reservoir
52.539677753225796	50.85970820344829	52.697860383870974	51.016100081666664	53.024456219354846	52.73036282	52.47510445000002	52.51354693064516	52.25849144499999	51.694010345161296	52.83847597999999	52.57071490161291
BlueRidge Reservoir
46.00796893870968	54.744316310344814	98.7724623870968	127.68999149166666	140.34697852258063	146.17662576833334	141.21274352903228	125.3957619516129	96.57195127499998	67.28245756935485	46.11957402666668	42.25360621290323
Boone Reservoir
85.11252850645162	89.18236160689658	116.13880237741937	138.79137963	155.77262038064512	172.61426710000003	174.69690751935488	173.20758496451614	160.71481290000003	146.46347165806452	117.26381265000002	92.42219274193549
Chatuge Reservoir
106.70670125806451	111.311739	136.75275477419356	158.15501052916667	159.74804922580648	144.078831	131.66516837499998	112.83967248387098	85.78413933333334	84.30267130645163	92.83032772499999	99.1157132903226
Cherokee Reservoir
232.94109096774196	355.79054379310355	552.8038407887097	718.5164963666667	823.780136185484	901.57756	824.3722482580646	701.6273628387099	582.0847964	517.6011247741936	358.5708192000001	240.79965600000006
Chickamauga Reservoir
392.57546951612903	380.1540920689655	398.3146553225807	489.48289374999996	584.902673516129	579.147048	554.9889266129032	525.8167577419355	504.75579450000004	476.76949161290315	433.41674155	399.2917625806452
Douglas Reservoir
147.910946516129	226.0291369034483	393.25433677258076	584.3778715000002	772.8918539225806	843.8125981400002	705.5377556806453	580.4812871612902	443.26964059999995	319.7022281032259	220.04980840000002	154.111851483871
Fontana Reservoir
430.7015230645161	480.1949548189656	696.3623251258065	868.3859737999999	949.9243004612904	1006.3733593000001	955.8035692258064	877.4539598709681	768.98457567	635.8120598032258	483.95526142	452.09167709999997
FortLoudoun Reservoir
282.27019896774203	273.0127661793104	283.98530206451613	313.4987495000001	348.2744435225808	347.0612360200001	344.83697059354853	343.7741593548387	342.64510824	326.14027428387107	306.46470478000003	284.48879216129035
FtPatrick Reservoir
23.770745535483872	23.012496186206896	23.843336129032263	23.982772160000003	24.099833980645165	24.08316484	24.221398277419357	24.26281099354839	23.92256828	24.0660846	23.955856240000003	23.90245511612903
Guntersville Reservoir
884.2384233580644	855.0550899103449	886.8236988387099	932.1035777699999	973.9111674096774	957.1323692100002	923.6730841935486	892.0996302580644	885.1837817200001	867.6095162903226	880.5989403000002	882.2322862258068
Hiwassee Reservoir
116.64626487096774	135.46153355172413	172.2349682419355	229.20644310000006	294.6769344193548	332.76848590000003	335.04956704838713	312.6685335000001	262.2941201	216.94160729032254	171.06666780000003	124.52408419354838
Kentucky Reservoir
2012.1646206774199	1969.9048150344827	2043.2586363870967	2367.09753533	2677.0947902129037	2608.6620807	2418.6934377096773	2283.2881847419358	2152.9413814000004	2060.5251930967743	2020.4774441000004	2003.1271941290324
MeltonH Reservoir
101.37731839354838	97.44092751724138	100.14165352258067	105.92729249000004	108.6896372903226	109.22607248000003	108.09360506129036	107.95890818709678	107.81660235	103.53047898387096	102.50843524	103.36853824838711
Nikajack Reservoir
143.0967342580645	137.99915813793103	143.19447696774193	142.96702900000003	147.27165290322586	146.5011316	145.69267316129034	146.15682309677422	146.32834620000003	146.8953946451613	146.83189600000003	144.7650129677419
Norris Reservoir
509.7860418145161	662.2646411551723	971.9755845645162	1241.8341293166668	1372.2169162903226	1358.41729925	1271.3322443951615	1156.9935038709675	999.839837	837.426875653226	668.4900553999998	512.5374809677421
Nottely Reservoir
50.45737103225808	60.46194351724138	83.53905638709676	97.15567211250003	102.31540106451612	96.45169884999999	81.16124748387098	62.6857031169355	35.046451350000005	32.6215467298387	42.91080075416666	48.40300702016128
Ocoee1 Reservoir
64.24002915806453	62.794144118965534	66.16881862903226	71.44597631000002	75.99689179838713	77.85755072000002	77.79260810967743	77.77366619516127	77.48050750666671	76.96640182096775	73.38353256	66.66384792580645
Ocoee3 Reservoir
2.2525856516129035	2.187878089655173	2.386566087096775	2.46722877	2.3262700935483873	2.3272950700000004	2.263997496774194	2.262475064516129	2.2448298116666674	2.061671260483871	2.06577703	2.1218078677419356
Pickwick Reservoir
697.5140067483871	677.1861577241378	731.1751502903224	870.16925926	899.959628167742	885.5791786999998	862.5092658774192	822.1928161161289	787.5053792399999	753.1673239354839	719.1408064599999	697.8558247741937
RacoonMt Reservoir
16.59512570322581	17.13433715172414	15.126631045161295	14.23878608	15.548856522580646	16.81302414	17.169543232258068	16.712762380645163	14.414810379999999	12.820900993548387	7.250826280000002	14.083112477419357
SHolston Reservoir
219.25903064516126	234.0999879310345	335.5079279032258	428.97111995	484.7603419354838	488.9777245000001	455.57026209677423	394.4244570967743	353.5692305	319.0650198387097	289.50511049999994	260.1510493548387
TimsFord Reservoir
365.23454357419365	364.85899425517243	406.93556231612905	445.46640799999994	464.18552713548377	472.3977954	471.95614931612903	472.00818067741926	457.4493597200001	439.6108222258065	407.1215732600001	370.0725006580644
Watauga Reservoir
223.82555980645162	240.93853437931034	298.71361877419366	326.9880409	382.97954061290324	387.7392950000001	378.6363868064517	355.75058380645163	326.68854180000005	304.9600048064516	294.9929308	265.8273548709678
WattsBar Reservoir
772.8062522903225	747.9497862413793	776.3491696451612	865.2199424399997	960.4094897225808	955.6133515500003	944.7748908387098	930.1616073193551	897.0856617900002	868.0261957645162	823.3283271199999	778.1000307096772
Wheeler Reservoir
766.914439451613	739.8229735862068	780.9251020645163	945.5480731999999	999.9133572580647	983.9555443000003	961.4766763548387	912.4246766129033	853.4203389	820.6884739354838	784.0817033000001	764.8980482903224
Wilbur Reservoir
0.2294714806451613	0.24302006896551728	0.2360153806451613	0.25228387	0.2844261677419355	0.29669646	0.3075569032258065	0.30221559677419363	0.27468516000000004	0.2806584677419354	0.26727535	0.2545980096774194
Wilson Reservoir
521.8493717741936	503.4917060775864	524.3553080645163	533.1887095000002	536.0848863306452	527.5098657083332	531.3515399596774	528.523872580645	528.2897079999999	531.2943954435483	532.8872384166667	522.6830580241937
