Apalachia Reservoir
56.271982269354844	56.239852743103455	56.434722601612904	56.54878796	56.556341270967735	56.45596483166666	56.413509832258065	56.43291018225808	56.34471082000002	56.62102118709678	56.763392626666665	56.53077229838709
BlueRidge Reservoir
139.59219754838713	152.97125602241377	176.2724841774194	191.3950232416667	192.39001499193546	190.0972599083333	187.42789225645163	175.4005942596774	160.83055620333334	146.34146278548386	136.56922322	134.78008343225807
Boone Reservoir
113.39963330322581	122.92118514827588	147.4015649903226	172.32223069000003	183.5835621	185.38935461	185.5732019516129	184.11805096451621	177.84709343	160.70842252258072	138.05784149000002	116.84439215806454
Chatuge Reservoir
176.43315195483873	177.1384120810345	190.42142745725803	215.9403157658333	230.47403427096776	229.69679878916676	223.9348177758065	215.5467842806451	204.16951475000005	192.21424922822587	184.39187256000002	180.45908972903229
Cherokee Reservoir
776.5357379612905	796.1149826482762	901.1216075306452	1197.3395246400003	1391.444680256451	1420.0018385933336	1373.3145185177418	1306.902058487097	1139.1933112000002	1005.366389767742	865.5710689450002	796.0896787741938
Chickamauga Reservoir
486.3824679193549	480.0065185344828	502.92833206451604	619.4446155499999	641.1329413548387	633.8380888499998	627.7388638064516	618.0450322741935	605.0369638	560.7011819999998	518.7331683	488.9758161290323
Douglas Reservoir
414.63995442903234	472.00218576034484	640.0045706435483	1051.46480952	1282.1329833290326	1286.81864516	1247.5835485403222	1161.0434423419356	972.5520912799999	812.2988391145159	611.70000244	474.6852434709678
Fontana Reservoir
937.0263951000001	936.8077659310344	1002.7883682290324	1200.2229322300002	1367.0076557830644	1389.2946781800003	1378.727145803226	1332.7116691838714	1241.3690387000001	1142.469448954839	1026.82991459	968.7397656774195
FortLoudoun Reservoir
314.517911283871	314.1005261793103	317.95163570322575	352.81900872000006	364.0076039032258	362.6424205599999	361.33849869677414	360.52736214193544	360.0907490400001	360.18620938064527	340.81732426	313.60098487741936
FtPatrick Reservoir
25.822063083870965	25.756475855172415	25.787008761290323	25.87648428	25.916057283870973	25.961792940000002	25.96826775483872	26.02734836129032	25.95285622	25.988788606451614	25.92074484	25.929938283870975
Guntersville Reservoir
1028.1541046322582	1036.5127597655173	1025.7798715258066	1034.0160025300004	1030.6789689774196	1022.9269475500002	1018.102200870968	1006.1919254612903	1003.23167918	989.3722218096773	991.0001914599999	1013.6007460935484
Hiwassee Reservoir
231.94130714516126	230.60587355172413	265.04122330645157	354.99596595	409.3418624516129	412.2175131	411.5719058709678	406.2274010322582	395.0674714999999	338.87205541935487	271.05868265000004	246.33347337096774
Kentucky Reservoir
2699.406182080645	2800.685242934482	2981.4248215064517	3118.2872176300007	3389.2747259322587	2994.746515929999	2833.3567702161286	2655.1012604516136	2504.04462581	2394.7207779967744	2450.22103509	2624.444969603226
MeltonH Reservoir
115.83837148064516	116.08981168965516	115.91381503548388	116.38155612	116.47843270645164	116.31495376	116.15955990967743	115.68126030967743	115.56904831000001	115.39716677419355	115.54642889000002	116.2092436548387
Nikajack Reservoir
248.13603313483767	249.57828977740945	247.47946646247988	243.99945198781737	243.84405994838713	244.50854022000004	244.78537085806454	245.2647067354839	244.01524914000004	243.39995750322575	244.43203608000005	247.017935294041
Norris Reservoir
1435.3810528064519	1464.0646443362066	1641.929245354839	1916.812676391667	2074.6938240483873	2059.461599141666	2014.5481013870963	1919.6801873225807	1753.6582171500006	1599.1699442903223	1429.0693473583335	1439.9125276451614
Nottely Reservoir
112.0403027951613	111.60584753103448	119.26411112661289	144.81771663	161.98104155806453	164.29115340000004	159.1940597951613	150.51198204919353	140.95747663000006	127.3458265604839	117.85427734000001	111.46555583225808
Ocoee1 Reservoir
77.89894168709678	80.50430686206896	80.95122965967741	81.96046365	84.09613545967744	84.66009230833333	85.52680066129032	85.17518597580646	85.20187545000002	84.78332491935483	82.1899650533333	78.34228291612902
Ocoee3 Reservoir
8.617094516129038	8.442109655172418	8.556303838709676	9.086813820833333	9.093574233870969	8.908688091666669	9.369461774193551	9.455383778225805	9.247266062499998	9.16145200403226	8.923533050000001	9.066148064516131
Pickwick Reservoir
854.3259750000002	849.4481916000002	898.0247063225808	983.7117675000001	974.519724522581	936.86890524	925.4305723161292	913.2479542451615	886.1663317799998	838.7737026	831.1830826600001	832.6542157741936
RacoonMt Reservoir
32.00011877419355	31.472781062068968	30.77754170322581	29.87110558000001	29.541403470967747	30.09379648	29.553442199999996	29.56903753548387	29.03069696	29.998478574193555	30.753527360000003	29.803504896774193
SHolston Reservoir
509.59130801612906	530.5964384482759	576.5612479838709	638.9045877499999	661.664443596774	659.4866735500001	654.4813459354839	633.1462809193549	593.2038079000001	559.0228923387098	524.7361389499999	514.0753827580646
TimsFord Reservoir
434.6165407741936	451.54946335862087	476.7488300322582	513.45583684	536.3822073290323	533.9767404800001	530.1711186967742	523.6268604774193	520.62599468	517.2874397612903	476.5331700400001	456.637768567742
Watauga Reservoir
507.56024905161297	514.1954830758623	535.0979461645161	563.12386598	570.543277964516	568.39245241	560.2108052903226	541.3893974709678	520.4481790699999	510.7458298064517	505.85308755000005	506.4606563612904
WattsBar Reservoir
897.9564463451616	887.5610344862071	906.7053399967741	1001.1725716399998	1023.0605452451615	1017.1958858600003	1014.4897505806451	1009.923355751613	1009.9577573900001	998.0991297483871	954.1063310400002	903.3668635451613
Wheeler Reservoir
996.985937516129	1006.0695796551727	1022.272897645161	1120.3973795999998	1134.2062751612907	1124.9281379999998	1099.7952121935482	1045.3312856129032	998.9043898000001	938.8613289677419	927.8614979	956.8674167419355
Wilbur Reservoir
0.5963072903225807	0.5998164724137932	0.5972028387096775	0.61449204	0.5919127064516129	0.5924344699999998	0.5945801612903225	0.6101818935483869	0.60308318	0.5969917451612903	0.6018603299999999	0.6065421290322581
Wilson Reservoir
617.808703451613	616.518050586207	617.7803017741935	634.2105954000002	639.8712416129031	637.9180782999998	634.285194580645	634.001753516129	636.3452949000001	638.9501061290323	638.5088140000001	624.2323440967742
