1
Watuga H
1  4  1   1   2
3   2
3   1
0.9	20000	5	10	0	188.7	5
0.3333333 0.3333333 0.3333333
0.2   0.3
20   30
15  69.6  0.9  0.2  0.3  100
1647.951 1647.778 1647.334
0
0.01
2
Wilbur H
2  4  1   1   2
3   4
3   2
0.9	20000	5	10	0	184.2	5
0.3333333 0.3333333 0.3333333
0.2   0.3
20   30
15  11.71  0.9  0.2  0.3  100
1644.837 1645.043 1645.98
0
0.01
3
SHolston H
3  4  1   1   2
3   4
3   3
0.9	20000	5	10	0	208.01999999999998	5
0.3333333 0.3333333 0.3333333
0.2   0.3
20   30
15  48.1  0.9  0.2  0.3  100
1487.054 1486.027 1485.862
0
0.01
4
Boone H
4  4  1   1   2
3   5
3   4
0.9	20000	5	10	0	806.16	5
0.3333333 0.3333333 0.3333333
0.2   0.3
20   30
15  86.61  0.9  0.2  0.3  100
1261.856 1261.292 1261.12
0
0.01
5
FtPatrick H
5  4  1   1   2
3   6
3   5
0.9	20000	5	10	0	592.14	5
0.3333333 0.3333333 0.3333333
0.2   0.3
20   30
15  39.3  0.9  0.2  0.3  100
1191.831 1186.403 1188.741
0
0.01
6
Cherokee H
6  4  1   1   2
3   8
3   6
0.9	20000	5	10	0	1180.56	5
0.3333333 0.3333333 0.3333333
0.2   0.3
20   30
15  142.2  0.9  0.2  0.3  100
926.9745 922.3045 921.3032
0
0.01
7
Douglas H
7  4  1   1   2
3   8
3   7
0.9	20000	5	10	0	1445.46	5
0.3333333 0.3333333 0.3333333
0.2   0.3
20   30
15  110.55  0.9  0.2  0.3  100
874.3871 869.8052 869.3882
0
0.01
8
FortLoudoun H
8  4  1   1   2
5   1
3   8
0.9	20000	5	10	0	2142.0	5
0.3333333 0.3333333 0.3333333
0.2   0.3
20   30
15  151.02  0.9  0.2  0.3  100
743.7813 739.99 738.2332
0
0.01
9
Fontana H
9  4  1   1   2
5   1
3   9
0.9	20000	5	10	0	606.0	5
0.3333333 0.3333333 0.3333333
0.2   0.3
20   30
15  293.2  0.9  0.2  0.3  100
1280.19 1276.506 1276.398
0
0.01
10
Norris H
10  4  1   1   2
3   11
3   10
0.9	20000	5	10	0	574.38	5
0.3333333 0.3333333 0.3333333
0.2   0.3
20   30
15  109.3  0.9  0.2  0.3  100
828.6919 827.329 825.5325
0
0.01
11
MeltonH H
11  4  1   1   2
5   1
3   11
0.9	20000	5	10	0	1520.76	5
0.3333333 0.3333333 0.3333333
0.2   0.3
20   30
15  80.0  0.9  0.2  0.3  100
740.1458 737.1271 736.9493
0
0.01
12
WattsBar H
12  4  1   1   2
5   2
3   12
0.9	20000	5	10	0	2933.7599999999998	5
0.3333333 0.3333333 0.3333333
0.2   0.3
20   30
15  175.76  0.9  0.2  0.3  100
684.8935 681.0719 679.1554
0
0.01
13
Chatuge H
13  4  1   1   2
3   15
3   13
0.9	20000	5	10	0	103.32	5
0.3333333 0.3333333 0.3333333
0.2   0.3
20   30
15  13.29  0.9  0.2  0.3  100
1804.855 1804.054 1803.724
0
0.01
14
Nottely H
14  4  1   1   2
3   15
3   14
0.9	20000	5	10	0	118.19999999999999	5
0.3333333 0.3333333 0.3333333
0.2   0.3
20   30
15  17.5  0.9  0.2  0.3  100
1616.209 1612.25 1607.225
0
0.01
15
Hiwassee H
15  4  1   1   2
3   16
3   15
0.9	20000	5	10	0	550.86	5
0.3333333 0.3333333 0.3333333
0.2   0.3
20   30
15  145.54  0.9  0.2  0.3  100
1277.146 1277.589 1277.103
0
0.01
16
Apalachia H
16  4  1   1   2
5   2
3   16
0.9	20000	5	10	0	199.38	5
0.3333333 0.3333333 0.3333333
0.2   0.3
20   30
15  78.28  0.9  0.2  0.3  100
841.4055 840.2913 840.3064
0
0.01
17
BlueRidge H
17  4  1   1   2
3   18
3   17
0.9	20000	5	10	0	134.7	5
0.3333333 0.3333333 0.3333333
0.2   0.3
20   30
15  14.77  0.9  0.2  0.3  100
1542.833 1541.078 1540.765
0
0.01
18
Ocoee3 H
18  4  1   1   2
3   19
3   18
0.9	20000	5	10	0	114.47999999999999	5
0.3333333 0.3333333 0.3333333
0.2   0.3
20   30
15  29.35  0.9  0.2  0.3  100
1123.214 1120.389 1119.751
0
0.01
19
Ocoee1 H
19  4  1   1   2
5   2
3   19
0.9	20000	5	10	0	222.0	5
0.3333333 0.3333333 0.3333333
0.2   0.3
20   30
15  21.6  0.9  0.2  0.3  100
716.7397 713.9019 714.3718
0
0.01
20
Chickamauga H
20  4  1   1   2
5   3
3   20
0.9	20000	5	10	0	2902.38	5
0.3333333 0.3333333 0.3333333
0.2   0.3
20   30
15  118.16  0.9  0.2  0.3  100
644.0335 638.6258 637.3514
0
0.01
21
RacoonMt H
21  4  1   1   2
5   3
3   21
0.9	20000	5	10	0	714.12	5
0.3333333 0.3333333 0.3333333
0.2   0.3
20   30
15  1596.76  0.9  0.2  0.3  100
633.9806 633.3365 633.4396
0
0.01
22
Nikajack H
22  4  1   1   2
5   4
3   22
0.9	20000	5	10	0	2874.0	5
0.3333333 0.3333333 0.3333333
0.2   0.3
20   30
15  105.81  0.9  0.2  0.3  100
604.6035 598.5323 597.7229
0
0.01
23
Guntersville H
23  4  1   1   2
3   25
3   23
0.9	20000	5	10	0	3265.44	5
0.3333333 0.3333333 0.3333333
0.2   0.3
20   30
15  124.77  0.9  0.2  0.3  100
564.4948 557.3155 557.1354
0
0.01
24
TimsFord H
24  4  1   1   2
3   25
3   24
0.9	20000	5	10	0	366.41999999999996	5
0.3333333 0.3333333 0.3333333
0.2   0.3
20   30
15  36.61  0.9  0.2  0.3  100
750.4684 745.2239 743.3514
0
0.01
25
Wheeler H
25  4  1   1   2
3   26
3   25
0.9	20000	5	10	0	7581.12	5
0.3333333 0.3333333 0.3333333
0.2   0.3
20   30
15  354.52  0.9  0.2  0.3  100
507.5784 506.1468 505.9479
0
0.01
26
Wilson H
26  4  1   1   2
3   27
3   26
0.9	20000	5	10	0	6744.0	5
0.3333333 0.3333333 0.3333333
0.2   0.3
20   30
15  641.77  0.9  0.2  0.3  100
421.9139 414.7874 414.4889
0
0.01
27
Pickwick H
27  4  1   1   2
3   28
3   27
0.9	20000	5	10	0	5429.58	5
0.3333333 0.3333333 0.3333333
0.2   0.3
20   30
15  223.52  0.9  0.2  0.3  100
379.9358 366.1774 364.2821
0
0.01
28
Kentucky H
28  4  1   1   2
5   5
3   28
0.9	20000	5	10	0	4158.66	5
0.3333333 0.3333333 0.3333333
0.2   0.3
20   30
15  161.26  0.9  0.2  0.3  100
325.1342 327.3739 315.1157
0
0.01
29
Racoon Mt Pump Station
29  1  1  1  2
3  21
5  3
0.9	20000	0	10	0	714.12	5
0.3333333 0.3333333 0.3333333
0.2   0.3   
20   30   
0
0.01
